        0.000000        0.000000        0.000000
        0.000000        0.000000        0.000000
        0.000000        0.000000        0.000000
        0.000000        0.000000        0.000000
        0.000000        0.000000        0.000000
        0.000000        0.000000        0.000000
        0.000000        0.000000        0.000000
        0.000000        0.000000        0.000000
        0.052585        0.000000       -0.002857
        0.038785        0.000000        0.001094
        0.051217        0.000000       -0.004286
        0.040670        0.000000        0.001824
        0.143408        0.008420       -0.039971
        0.106233       -0.006748        0.027843
        0.143408       -0.008420       -0.039971
        0.106233        0.006748        0.027843
       -0.959900        0.000000        0.036505
